tweet_id,likes,retweets
892420643555336193,33598,6950
892177421306343426,29143,5253
891815181378084864,21931,3460
891689557279858688,36661,7161
891327558926688256,35053,7699
891087950875897856,17690,2574
890971913173991426,10293,1642
890729181411237888,56485,15653
890609185150312448,24368,3597
890240255349198849,27772,6048
890006608113172480,26880,6100
889880896479866881,24417,4127
889665388333682689,41753,8279
889638837579907072,23508,3690
889531135344209921,13275,1870
889278841981685760,21940,4409
888917238123831296,25459,3733
888804989199671297,22323,3504
888554962724278272,17211,2856
888078434458587136,19046,2876
887705289381826560,26441,4508
887517139158093824,40449,9786
887473957103951883,59786,14918
887343217045368832,29393,8755
887101392804085760,26820,4961
886983233522544640,30152,6266
886736880519319552,10434,2606
886680336477933568,19600,3711
886366144734445568,18429,2610
886267009285017600,103,4
886258384151887873,24375,5233
886054160059072513,0,93
885984800019947520,28416,5578
885528943205470208,31391,5291
885518971528720385,17887,3093
885311592912609280,0,15319
885167619883638784,19121,3641
884925521741709313,66740,14908
884876753390489601,24224,4625
884562892145688576,21166,3885
884441805382717440,23726,4766
884247878851493888,62771,16771
884162670584377345,17824,2487
883838122936631299,19033,2844
883482846933004288,39928,8198
883360690899218434,19826,3057
883117836046086144,32296,5500
882992080364220416,20852,3222
882762694511734784,24618,4067
882627270321602560,24454,5026
882268110199369728,38950,9551
882045870035918850,25548,4055
881906580714921986,21317,2835
881666595344535552,44241,8886
881633300179243008,113,8
881536004380872706,43156,13311
881268444196462592,20376,4470
880935762899988482,14952,2319
880872448815771648,18586,3186
880465832366813184,24850,5177
880221127280381952,23506,3441
880095782870896641,24163,3630
879862464715927552,19592,2909
879674319642796034,279,9
879492040517615616,20586,2615
879415818425184262,92202,37111
879376492567855104,14753,2628
879130579576475649,0,5695
879050749262655488,19694,3923
879008229531029506,16662,2228
878776093423087618,17035,3411
878604707211726852,26280,5886
878404777348136964,0,1065
878316110768087041,0,5489
878281511006478336,6734,1065
878057613040115712,36909,5695
877736472329191424,68774,15683
877556246731214848,19779,3143
877316821321428993,23995,4310
877201837425926144,23734,4592
876838120628539392,18113,2790
876537666061221889,20933,3954
876484053909872640,16467,1985
876120275196170240,24550,3881
875747767867523072,21973,3556
875144289856114688,19307,4126
875097192612077568,24101,5082
875021211251597312,22429,3945
874680097055178752,24441,3897
874434818259525634,0,12140
874296783580663808,22822,3459
874057562936811520,20011,3359
874012996292530176,29957,8534
873580283840344065,21267,3329
873337748698140672,0,1324
873213775632977920,6289,1324
872967104147763200,23911,4533
872820683541237760,12987,3152
872620804844003328,18216,3052
872486979161796608,35875,7667
872122724285648897,30023,6787
871879754684805121,32853,9185
871762521631449091,17761,2945
871515927908634625,17800,2921
871166179821445120,0,4869
871102520638267392,18440,4640
871032628920680449,20044,3205
870804317367881728,29645,5252
870726314365509632,105,3
870656317836468226,10824,2187
870374049280663552,73524,22604
870308999962521604,19366,3525
870063196459192321,32227,7037
869772420881756160,37781,8642
869702957897576449,24909,5351
869596645499047938,14100,2620
869227993411051520,18023,3176
868880397819494401,57571,12171
868639477480148993,0,1734
868622495443632128,23501,4431
868552278524837888,8909,1734
867900495410671616,21455,3550
867774946302451713,30070,6216
867421006826221569,14255,2105
867072653475098625,0,100
867051520902168576,28530,6738
866720684873056260,17758,4105
866686824827068416,17010,2942
866450705531457537,108208,29982
866334964761202691,46315,12140
866094527597207552,0,7120
865718153858494464,22797,4800
865359393868664832,23435,4260
865006731092295680,24891,6621
864873206498414592,28661,7462
864279568663928832,12981,2562
864197398364647424,26461,7530
863907417377173506,18314,3568
863553081350529029,13598,3606
863471782782697472,0,2078
863432100342583297,21167,4532
863427515083354112,1951,80
863079547188785154,7847,944
863062471531167744,7474,2078
862831371563274240,17131,4429
862722525377298433,15236,3062
862457590147678208,18163,4219
862096992088072192,65809,19862
861383897657036800,32084,9204
861288531465048066,15265,3565
861005113778896900,14909,3311
860981674716409858,0,1843
860924035999428608,0,673
860563773140209665,6681,1843
860524505164394496,21123,4575
860276583193509888,16479,3048
860184849394610176,14929,5089
860177593139703809,0,26531
859924526012018688,17508,3563
859851578198683649,13911,3051
859607811541651456,16729,1356
859196978902773760,79924,26111
859074603037188101,30222,11892
858860390427611136,0,7025
858843525470990336,14046,3011
858471635011153920,19374,4230
858107933456039936,14141,2526
857989990357356544,14413,2253
857746408056729600,30609,9286
857393404942143489,5279,1434
857263160327368704,18169,3952
857214891891077121,202,16
857062103051644929,0,145
857029823797047296,16953,3465
856543823941562368,14750,2529
856526610513747968,10779,1644
856288084350160898,485,15
856282028240666624,25083,5549
855862651834028034,299,21
855860136149123072,4386,849
855857698524602368,10814,1851
855851453814013952,41712,16045
855818117272018944,24175,4786
855459453768019968,26965,7269
855245323840757760,0,5229
855138241867124737,0,36
854732716440526848,20564,5309
854482394044301312,26418,5983
854365224396361728,17113,4128
854120357044912130,29051,6560
854010172552949760,14767,2778
853760880890318849,25942,5095
853639147608842240,31363,8813
853299958564483072,14077,3152
852936405516943360,0,1782
852912242202992640,8209,1587
852672615818899456,13579,1898
852553447878664193,14807,3095
852311364735569921,30213,8819
852226086759018497,18256,6056
852189679701164033,10529,1411
851591660324737024,14880,3106
851464819735769094,22163,6276
851224888060895234,18932,5140
850753642995093505,27966,8033
850380195714523136,12009,2317
850333567704068097,3176,301
850145622816686080,14960,3373
850019790995546112,18674,4341
849776966551130114,27785,6780
849668094696017920,0,4420
849412302885593088,14593,2814
849336543269576704,10504,1677
849051919805034497,38797,7583
848690551926992896,23148,3906
848324959059550208,22706,4125
848213670039564288,7511,644
848212111729840128,14963,2705
847978865427394560,0,2905
847971574464610304,0,394
847962785489326080,21647,4545
847842811428974592,4989,1184
847617282490613760,6445,376
847606175596138505,17278,3069
847251039262605312,18861,3892
847157206088847362,18288,5227
847116187444137987,19791,2865
846874817362120707,18530,3532
846514051647705089,40960,10321
846505985330044928,13014,2747
846153765933735936,28925,8123
846139713627017216,28668,9123
846042936437604353,14728,2574
845812042753855489,26872,7830
845677943972139009,23314,4365
845397057150107648,7043,1613
845306882940190720,21501,4829
845098359547420673,0,6903
844979544864018432,12609,2303
844973813909606400,13855,2834
844580511645339650,15210,2800
844223788422217728,12649,1979
843981021012017153,14043,2689
843856843873095681,19860,4147
843604394117681152,15620,2470
843235543001513987,19865,5371
842846295480000512,14155,3303
842765311967449089,6267,1173
842535590457499648,16833,3158
842163532590374912,22613,5229
842115215311396866,12967,2741
841833993020538882,0,13490
841680585030541313,23926,7115
841439858740625411,11667,3295
841320156043304961,18334,4998
841314665196081154,14669,4212
841077006473256960,21253,4869
840761248237133825,0,1614
840728873075638272,0,14530
840698636975636481,163,2
840696689258311684,11416,888
840632337062862849,8383,1614
840370681858686976,15270,4164
840268004936019968,17801,5185
839990271299457024,12478,2059
839549326359670784,25450,7025
839290600511926273,0,132
839239871831150596,25091,5898
838952994649550848,18276,3648
838921590096166913,10369,1848
838916489579200512,0,31
838831947270979586,0,9969
838561493054533637,10202,1228
838476387338051585,20866,4322
838201503651401729,0,9129
838150277551247360,1560,300
838085839343206401,134,1
838083903487373313,16382,2826
837820167694528512,31683,7120
837482249356513284,3587,403
837471256429613056,11937,2056
837110210464448512,15004,2171
836989968035819520,11881,2103
836753516572119041,18029,4243
836677758902222849,11780,2015
836648853927522308,0,505
836397794269200385,0,24925
836380477523124226,13849,2737
836260088725786625,19843,3962
836001077879255040,17780,3866
835685285446955009,0,7379
835574547218894849,16564,3279
835536468978302976,0,1536
835309094223372289,0,19046
835297930240217089,15371,2730
835264098648616962,7185,1536
835246439529840640,1982,63
835172783151792128,24458,5276
835152434251116546,20840,2748
834931633769889797,10055,1482
834786237630337024,20121,5089
834574053763584002,12747,2299
834477809192075265,0,9713
834458053273591808,8991,1541
834209720923721728,19164,4306
834167344700198914,14775,3346
834089966724603904,9398,1957
834086379323871233,12177,2032
833863086058651648,12551,2193
833826103416520705,17002,3472
833732339549220864,0,202
833722901757046785,19588,2979
833479644947025920,13939,1878
833124694597443584,18893,4420
832998151111966721,12370,1998
832769181346996225,0,38
832757312314028032,15774,3306
832682457690300417,11092,2648
832645525019123713,2717,482
832636094638288896,14820,2540
832397543355072512,11192,2031
832369877331693569,16004,2905
832273440279240704,10601,2134
832215909146226688,0,5686
832215726631055365,0,8537
832088576586297345,58,2
832040443403784192,0,8763
832032802820481025,16678,4282
831939777352105988,22375,5629
831926988323639298,319,34
831911600680497154,25696,5939
831670449226514432,9744,1680
831650051525054464,6653,1782
831552930092285952,8411,2147
831322785565769729,8723,1435
831315979191906304,6155,1034
831309418084069378,11036,2249
831262627380748289,11095,1880
830956169170665475,7470,1371
830583320585068544,62022,15319
830173239259324417,0,5214
830097400375152640,9097,2677
829878982036299777,0,4571
829861396166877184,11457,1784
829501995190984704,29732,9714
829449946868879360,9822,1848
829141528400556032,22778,6729
829011960981237760,50028,15023
828801551087042563,0,3140
828770345708580865,23943,5363
828708714936930305,34045,10257
828650029636317184,8903,1232
828409743546925057,6006,1072
828408677031882754,7211,1180
828381636999917570,11791,2049
828376505180889089,6962,986
828372645993398273,11804,2711
828361771580813312,2057,165
828046555563323392,10997,2640
828011680017821696,9727,1978
827933404142436356,18734,4794
827653905312006145,14514,2782
827600520311402496,7030,862
827324948884643840,14867,2790
827199976799354881,9957,2046
826958653328592898,20197,4572
826848821049180160,33841,9279
826615380357632002,0,3658
826598799820865537,4828,229
826598365270007810,9390,2168
826476773533745153,17282,3871
826240494070030336,12457,2408
826204788643753985,4576,850
826115272272650244,14650,2844
825876512159186944,9855,1728
825829644528148480,11954,2319
825535076884762624,53692,16264
825147591692263424,17163,4149
825120256414846976,0,1162
825026590719483904,5865,1162
824796380199809024,0,5063
824775126675836928,13974,3252
824663926340194305,9877,1633
824325613288833024,11107,9832
824297048279236611,14136,3542
824025158776213504,4558,557
823939628516474880,10001,2518
823719002937630720,0,10283
823699002998870016,13135,2325
823581115634085888,12181,2430
823333489516937216,661,22
823322678127919110,14742,3692
823269594223824897,0,9166
822975315408461824,16285,3181
822872901745569793,123240,39640
822859134160621569,12387,2100
822647212903690241,0,5916
822610361945911296,13886,2710
822489057087389700,17004,5916
822462944365645825,26123,13048
822244816520155136,32935,9166
822163064745328640,0,4343
821886076407029760,10610,2123
821813639212650496,0,3107
821765923262631936,7866,1552
821522889702862852,7525,1624
821421320206483457,0,5091
821407182352777218,11035,3966
821153421864615936,233,8
821149554670182400,8058,1815
821107785811234820,9011,1957
821044531881721856,11849,2107
820837357901512704,0,6192
820749716845686786,29627,9129
820690176645140481,11520,2985
820494788566847489,0,521
820446719150292993,0,2378
820314633777061888,3142,521
820078625395449857,18514,5743
820013781606658049,0,1077
819952236453363712,4996,1077
819924195358416896,12162,4515
819711362133872643,12520,2843
819588359383371776,9102,1860
819347104292290561,6788,1109
819238181065359361,2127,376
819227688460238848,21667,6192
819015337530290176,0,34329
819015331746349057,0,17690
819006400881917954,42754,17690
819004803107983360,82124,34328
818646164899774465,0,19296
818627210458333184,21108,7010
818614493328580609,9255,2337
818588835076603904,0,5649
818536468981415936,10202,2257
818307523543449600,0,7400
818259473185828864,10332,2069
818145370475810820,11546,2352
817908911860748288,4581,733
817827839487737858,48241,24925
817777686764523521,10171,2507
817536400337801217,11052,2712
817502432452313088,0,3120
817423860136083457,31640,13490
817415592588222464,5270,884
817181837579653120,0,7814
817171292965273600,8259,1851
817120970343411712,11478,2397
817056546584727552,8096,1507
816829038950027264,0,4364
816816676327063552,9420,1882
816697700272001025,9183,2036
816450570814898180,28466,7400
816336735214911488,8127,1789
816091915477250048,8437,1974
816062466425819140,0,939
816014286006976512,0,4847
815990720817401858,4667,939
815966073409433600,20994,7814
815745968457060357,0,3838
815736392542261248,9252,2102
815639385530101762,7767,1545
815390420867969024,9758,3543
814986499976527872,7211,1182
814638523311648768,10625,2509
814578408554463233,0,5425
814530161257443328,8174,1727
814153002265309185,27065,8051
813944609378369540,0,2936
813910438903693312,8791,1721
813812741911748608,34411,12964
813800681631023104,7834,1635
813217897535406080,17570,6799
813202720496779264,8719,1697
813187593374461952,18707,4021
813172488309972993,8750,1797
813157409116065792,7328,2055
813142292504645637,8028,2230
813130366689148928,4237,417
813127251579564032,11154,2906
813112105746448384,9746,2549
813096984823349248,9967,3358
813081950185472002,9373,2579
813066809284972545,7501,1819
813051746834595840,19816,6805
812781120811126785,7115,1778
812709060537683968,6253,1344
812503143955202048,5706,1143
812466873996607488,7529,1791
812372279581671427,12852,3396
811985624773361665,6871,1303
811744202451197953,7114,1461
811647686436880384,5292,678
811627233043480576,11990,2825
811386762094317568,19728,5934
810984652412424192,5015,1321
810896069567610880,8476,1632
810657578271330305,10363,2448
810284430598270976,33080,10433
810254108431155201,13887,3141
809920764300447744,14699,3658
809808892968534016,0,4545
809448704142938112,6578,1358
809220051211603969,18759,5214
809084759137812480,12484,3272
808838249661788160,9600,2846
808733504066486276,7447,2024
808501579447930884,10689,2441
808344865868283904,39908,19296
808134635716833280,0,5476
808106460588765185,8347,2047
808001312164028416,11778,3283
807621403335917568,13769,3361
807106840509214720,110771,51252
807059379405148160,0,6839
807010152071229440,12385,3605
806629075125202948,70097,32140
806620845233815552,0,5113
806576416489959424,4643,1817
806542213899489280,9683,2205
806242860592926720,0,10793
806219024703037440,6103,1124
805958939288408065,0,4971
805932879469572096,7854,1791
805826884734976000,6201,1708
805823200554876929,0,7407
805520635690676224,5442,1544
805487436403003392,8295,2360
805207613751304193,7436,1618
804738756058218496,12909,3580
804475857670639616,5807,1877
804413760345620481,0,2987
804026241225523202,41804,14927
803773340896923648,9482,2567
803692223237865472,0,6870
803638050916102144,10329,3864
803380650405482500,7348,1757
803321560782307329,0,4927
803276597545603072,9481,2281
802952499103731712,8526,1861
802624713319034886,0,2709
802600418706604034,6725,1373
802572683846291456,8479,2340
802323869084381190,15247,5435
802265048156610565,6574,1285
802239329049477120,8597,2436
802185808107208704,0,249
801958328846974976,7328,1586
801854953262350336,1712,217
801538201127157760,7764,1943
801285448605831168,5701,770
801167903437357056,23033,5476
801127390143516673,0,3682
801115127852503040,7634,1976
800859414831898624,643,89
800855607700029440,0,1508
800751577355128832,10044,2610
800513324630806528,12421,2806
800459316964663297,8994,2044
800443802682937345,0,4001
800388270626521089,10547,2615
800188575492947969,0,3670
800141422401830912,14413,2378
800018252395122689,26695,12220
799774291445383169,0,4338
799757965289017345,7917,1994
799422933579902976,7644,1788
799308762079035393,0,5047
799297110730567681,9338,2543
799063482566066176,7639,2328
798933969379225600,12340,4127
798925684722855936,7125,1351
798705661114773508,0,6164
798701998996647937,0,7181
798697898615730177,0,6049
798694562394996736,0,4610
798686750113755136,0,2166
798682547630837760,0,4404
798673117451325440,0,5193
798665375516884993,0,3658
798644042770751489,0,1733
798628517273620480,0,1855
798585098161549313,0,5232
798576900688019456,0,5446
798340744599797760,0,3123
798209839306514432,9871,2413
797971864723324932,10881,2873
797545162159308800,13797,4594
797236660651966464,18820,6107
797165961484890113,211,24
796904159865868288,0,8297
796865951799083009,7270,1822
796759840936919040,11144,2808
796563435802726400,0,6687
796484825502875648,7142,1642
796387464403357696,10382,3862
796177847564038144,0,13276
796149749086875649,30296,13276
796125600683540480,4712,1677
796116448414461957,8590,2232
796080075804475393,7977,2152
796031486298386433,10213,3481
795464331001561088,46455,21805
795400264262053889,9432,2662
795076730285391872,15257,5063
794983741416415232,0,3135
794926597468000259,9617,2146
794355576146903043,0,9594
794332329137291264,9072,2516
794205286408003585,8719,3098
793962221541933056,15814,4545
793845145112371200,8724,1731
793614319594401792,0,2903
793601777308463104,7528,1508
793500921481273345,10058,2214
793286476301799424,23219,8537
793271401113350145,8209,2231
793256262322548741,18813,7739
793241302385262592,9921,3049
793226087023144960,9225,2694
793210959003287553,8423,2591
793195938047070209,14350,5235
793180763617361921,6516,1848
793165685325201412,8848,2608
793150605191548928,5817,1585
793135492858580992,6039,2334
793120401413079041,11948,3649
792913359805018113,13512,3686
792883833364439040,10648,3976
792773781206999040,6969,1565
792050063153438720,6750,1659
791821351946420224,0,19559
791784077045166082,0,8817
791780927877898241,0,3538
791774931465953280,42450,20606
791672322847637504,11086,2903
791406955684368384,12421,3838
791312159183634433,8278,2352
791026214425268224,0,3778
790987426131050500,9261,1976
790946055508652032,15792,4364
790723298204217344,0,2130
790698755171364864,7772,1790
790581949425475584,19419,6595
790337589677002753,7386,1759
790277117346975746,11818,2936
790227638568808452,0,3283
789986466051088384,8759,2130
789960241177853952,0,3798
789903600034189313,9734,3857
789628658055020548,7050,1628
789599242079838210,6339,1781
789530877013393408,11032,3135
789314372632018944,8156,2121
789280767834746880,0,4555
789268448748703744,8609,2430
789137962068021249,9177,2592
788908386943430656,25900,11638
788765914992902144,25733,9593
788552643979468800,0,6612
788412144018661376,14638,4899
788178268662984705,6849,1963
788150585577050112,5759,1193
788070120937619456,0,3193
788039637453406209,5757,1214
787810552592695296,8110,2820
787717603741622272,9654,2568
787397959788929025,10279,2647
787322443945877504,7348,1617
787111942498508800,0,6256
786963064373534720,25120,7379
786729988674449408,0,2258
786709082849828864,17279,5686
786664955043049472,9988,2353
786595970293370880,8922,2892
786363235746385920,10223,3199
786286427768250368,7525,2626
786233965241827333,14308,4343
786051337297522688,1348,144
786036967502913536,0,6460
785927819176054784,10742,2964
785872687017132033,6307,1661
785639753186217984,7407,2093
785533386513321988,8524,1825
785515384317313025,5754,1153
785264754247995392,6857,1508
785170936622350336,11290,4464
784826020293709826,9530,2987
784517518371221505,8439,2350
784431430411685888,5414,1175
784183165795655680,18827,7407
784057939640352768,27905,10283
783839966405230592,28203,9969
783821107061198850,6930,1815
783695101801398276,9809,2971
783466772167098368,7918,2065
783391753726550016,15893,5056
783347506784731136,0,5113
783334639985389568,27302,10793
783085703974514689,7687,2008
782969140009107456,22683,6839
782747134529531904,7034,1307
782722598790725632,16178,4970
782598640137187329,7349,1762
782305867769217024,15607,5091
782021823840026624,0,5684
781955203444699136,10508,3120
781661882474196992,9813,2502
781655249211752448,3744,1043
781524693396357120,19464,5113
781308096455073793,6698,2368
781251288990355457,7878,1915
781163403222056960,9228,2566
780931614150983680,20375,6687
780858289093574656,6760,1852
780800785462489090,5158,1192
780601303617732608,11356,3107
780543529827336192,5920,1616
780496263422808064,0,3395
780476555013349377,0,103
780459368902959104,4975,999
780192070812196864,8168,2068
780092040432480260,0,2115
780074436359819264,11357,4540
779834332596887552,17620,6460
779377524342161408,8193,2863
779124354206535695,0,16883
779056095788752897,13806,4184
778990705243029504,18624,6610
778774459159379968,0,9079
778764940568104960,818,337
778748913645780993,6423,1199
778650543019483137,5393,1382
778624900596654080,4316,934
778408200802557953,12785,3982
778396591732486144,0,11254
778383385161035776,5480,1011
778286810187399168,9669,3040
778039087836069888,7938,2441
778027034220126208,6159,1483
777953400541634568,0,3243
777885040357281792,5965,1508
777684233540206592,10541,2709
777641927919427584,0,3894
777621514455814149,8162,2325
777189768882946048,13221,3954
776819012571455488,0,12486
776813020089548800,4590,1109
776477788987613185,8191,2540
776249906839351296,0,8391
776218204058357768,27903,14594
776201521193218049,8972,2320
776113305656188928,11039,4001
776088319444877312,1702,141
775898661951791106,0,15413
775842724423557120,10977,2447
775733305207554048,12991,3682
775729183532220416,12197,4255
775364825476165632,6909,2696
775350846108426240,9512,3607
775085132600442880,14547,4338
774757898236878852,8087,1645
774639387460112384,6325,1603
774314403806253056,20418,5047
773985732834758656,10092,3559
773922284943896577,6021,1613
773704687002451968,6194,1483
773670353721753600,5029,1217
773547596996571136,20685,5649
773336787167145985,0,4632
773308824254029826,21860,6902
773247561583001600,8833,2982
773191612633579521,9328,3776
772877495989305348,8007,3559
772826264096874500,7537,2193
772615324260794368,0,3093
772581559778025472,6065,1574
772193107915964416,5642,1277
772152991789019136,3567,1047
772117678702071809,3528,682
772114945936949249,2569,437
772102971039580160,3751,858
771908950375665664,6148,1742
771770456517009408,11214,3123
771500966810099713,7720,2403
771380798096281600,9865,4632
771171053431250945,0,6832
771136648247640064,8556,2694
771102124360998913,5832,1322
771014301343748096,6449,1532
770787852854652928,4593,1097
770772759874076672,4857,1315
770655142660169732,6878,1658
770414278348247044,5905,1915
770293558247038976,5814,1343
770093767776997377,0,2792
770069151037685760,7101,2111
769940425801170949,29079,8763
769695466921623552,6010,1547
769335591808995329,0,7095
769212283578875904,5051,1588
768970937022709760,13300,5957
768909767477751808,0,2421
768855141948723200,3912,816
768609597686943744,3832,1091
768596291618299904,4715,1182
768554158521745409,0,5350
768473857036525572,12704,3142
768193404517830656,10138,3243
767884188863397888,4441,1261
767754930266464257,14883,4927
767500508068192258,6999,2128
767191397493538821,11457,3443
767122157629476866,9490,2623
766793450729734144,4716,1244
766714921925144576,2452,343
766693177336135680,3771,725
766423258543644672,5603,1443
766313316352462849,6317,1720
766078092750233600,0,2404
766069199026450432,3918,767
766008592277377025,3520,455
765719909049503744,6766,1976
765669560888528897,4823,1126
765395769549590528,24963,3089
765371061932261376,6637,1988
765222098633691136,10853,3093
764857477905154048,6042,1638
764259802650378240,5605,1381
763956972077010945,730,49
763837565564780549,11693,3778
763183847194451968,5034,1346
763167063695355904,0,2731
763103485927849985,6880,2101
762699858130116608,11297,3283
762471784394268675,10456,5863
762464539388485633,9588,3798
762316489655476224,4477,1026
762035686371364864,29604,14190
761976711479193600,5008,1811
761750502866649088,0,3561
761745352076779520,3995,787
761672994376806400,45988,26531
761599872357261312,3860,1093
761371037149827077,0,16533
761334018830917632,4801,1330
761292947749015552,4165,994
761227390836215808,4968,1434
761004547850530816,10589,3193
760893934457552897,3560,879
760656994973933572,6140,1734
760641137271070720,4646,1180
760539183865880579,7038,3309
760521673607086080,3897,1276
760290219849637889,24941,10503
760252756032651264,3689,791
760190180481531904,5327,1633
760153949710192640,0,29
759943073749200896,5501,1916
759846353224826880,6254,1784
759793422261743616,5551,1753
759557299618865152,4375,1096
759447681597108224,7901,2258
759446261539934208,1557,453
759197388317847553,5671,1795
759159934323924993,0,1063
759099523532779520,13548,3788
759047813560868866,6033,1837
758854675097526272,3308,834
758828659922702336,10420,3532
758740312047005698,5347,1490
758474966123810816,3537,910
758467244762497024,4456,2018
758405701903519748,4847,1747
758355060040593408,3130,952
758099635764359168,17584,9079
758041019896193024,2519,337
757741869644341248,6386,3007
757729163776290825,0,7153
757725642876129280,4231,1102
757611664640446465,4270,1003
757597904299253760,0,277
757596066325864448,4049,950
757400162377592832,14066,6273
757393109802180609,5418,1573
757354760399941633,4184,1294
756998049151549440,5842,1820
756939218950160384,6175,1827
756651752796094464,4678,1186
756526248105566208,9658,3279
756303284449767430,3665,997
756288534030475264,40974,16212
756275833623502848,5943,1396
755955933503782912,6792,2607
755206590534418437,15207,4875
755110668769038337,19582,10118
754874841593970688,0,7187
754856583969079297,6409,2299
754747087846248448,2401,474
754482103782404096,4907,1782
754449512966619136,3483,666
754120377874386944,7335,2152
753655901052166144,5424,1978
753420520834629632,7289,3217
753398408988139520,5327,1716
753375668877008896,7109,2115
753298634498793472,0,5170
753294487569522689,3099,951
753039830821511168,34392,19046
753026973505581056,3632,871
752932432744185856,11676,6256
752917284578922496,6468,1434
752701944171524096,0,2594
752682090207055872,5566,1446
752660715232722944,4053,1412
752568224206688256,5081,2074
752519690950500352,6812,3135
752334515931054080,3571,1004
752309394570878976,0,14809
752173152931807232,5511,1658
751950017322246144,2836,826
751937170840121344,4805,1189
751830394383790080,5404,1770
751793661361422336,5363,2594
751598357617971201,7368,2804
751583847268179968,4080,999
751538714308972544,4685,1143
751456908746354688,2996,917
751251247299190784,11673,5363
751205363882532864,5866,1656
751132876104687617,4702,1175
750868782890057730,4428,1238
750719632563142656,12185,4555
750506206503038976,4118,1042
750429297815552001,12218,3894
750383411068534784,4241,1036
750381685133418496,667,25
750147208377409536,2896,872
750132105863102464,3340,1169
750117059602808832,4028,1202
750101899009982464,2829,768
750086836815486976,2010,488
750071704093859840,7202,3012
750056684286914561,2938,814
750041628174217216,2946,563
750026558547456000,2513,714
750011400160841729,2993,817
749996283729883136,2819,752
749981277374128128,4763,2260
749774190421639168,4329,1201
749417653287129088,5637,1503
749403093750648834,2422,489
749395845976588288,7922,3135
749317047558017024,5075,2032
749075273010798592,5329,1871
749064354620928000,4479,1399
749036806121881602,2874,727
748977405889503236,9978,3113
748932637671223296,5384,2049
748705597323898880,2572,868
748699167502000129,4387,1448
748692773788876800,3942,1221
748575535303884801,5603,1792
748568946752774144,2033,603
748346686624440324,4819,1116
748337862848962560,7012,3710
748324050481647620,3429,683
748307329658011649,3426,649
748220828303695873,13074,7065
747963614829678593,5344,1942
747933425676525569,6151,2334
747885874273214464,2712,872
747844099428986880,2608,671
747816857231626240,4484,1051
747648653817413632,11894,5291
747600769478692864,2156,519
747594051852075008,3396,940
747512671126323200,5094,1469
747461612269887489,3566,934
747439450712596480,5011,1743
747242308580548608,0,2612
747219827526344708,4862,1430
747204161125646336,3111,825
747103485104099331,8831,3603
746906459439529985,2709,267
746872823977771008,5534,1922
746818907684614144,4927,1587
746790600704425984,4506,1454
746757706116112384,8783,3538
746726898085036033,5599,1627
746542875601690625,4665,1735
746521445350707200,0,893
746507379341139972,4324,985
746369468511756288,5732,1478
746131877086527488,6353,1982
746056683365994496,3303,734
745789745784041472,3641,959
745712589599014916,6454,2111
745433870967832576,6501,2297
745422732645535745,7909,2185
745314880350101504,6571,2461
745074613265149952,7228,3160
745057283344719872,6725,2040
744995568523612160,2725,564
744971049620602880,7253,2425
744709971296780288,5198,1425
744334592493166593,6309,1919
744234799360020481,143725,70074
744223424764059648,1526,323
743980027717509120,3873,996
743895849529389061,3387,873
743835915802583040,0,1854
743609206067040256,4137,1259
743595368194129920,16846,5913
743545585370791937,3261,855
743510151680958465,7371,3400
743253157753532416,3913,1112
743222593470234624,5709,1724
743210557239623680,3545,1231
742534281772302336,6522,3263
742528092657332225,4080,1785
742465774154047488,6704,3575
742423170473463808,9036,3395
742385895052087300,6257,1764
742161199639494656,3983,1239
742150209887731712,4682,1389
741793263812808706,4205,1381
741743634094141440,7513,2478
741438259667034112,3394,740
741303864243200000,8083,2901
741099773336379392,9160,4984
741067306818797568,8809,2792
740995100998766593,5787,2449
740711788199743490,3131,855
740699697422163968,2641,703
740676976021798912,16723,6164
740373189193256964,32355,12061
740365076218183684,2230,384
740359016048689152,3033,792
740214038584557568,6144,1775
739979191639244800,18399,5350
739932936087216128,3731,978
739844404073074688,3505,783
739623569819336705,3480,1232
739606147276148736,4957,1484
739544079319588864,36247,19127
739485634323156992,6562,2625
739238157791694849,106435,52459
738891149612572673,89,6
738885046782832640,3494,1040
738883359779196928,3024,715
738537504001953792,4674,1385
738402415918125056,2993,737
738184450748633089,3947,1102
738166403467907072,8022,3016
738156290900254721,2266,578
737826014890496000,4802,1596
737800304142471168,9203,3154
737678689543020544,4613,1189
737445876994609152,9387,4032
737322739594330112,3309,726
737310737551491075,13428,6701
736736130620620800,3858,1532
736392552031657984,16236,6613
736365877722001409,3643,1105
736225175608430592,7456,2526
736010884653420544,7208,2685
735991953473572864,3281,1030
735648611367784448,3717,1004
735635087207878657,5631,2128
735274964362878976,11987,4514
735256018284875776,3050,801
735137028879360001,2867,874
734912297295085568,2530,471
734787690684657664,11489,5725
734776360183431168,2311,485
734559631394082816,1371,352
733828123016450049,3285,713
733822306246479872,3376,919
733482008106668032,2869,849
733460102733135873,3846,1133
733109485275860992,49027,15413
732732193018155009,2217,479
732726085725589504,3280,790
732585889486888962,3339,711
732375214819057664,7394,2270
732005617171337216,13612,4847
731285275100512256,3203,897
731156023742988288,3529,1138
730924654643314689,5614,1777
730573383004487680,4438,1904
730427201120833536,3186,937
730211855403241472,3472,953
730196704625098752,4411,1696
729854734790754305,3698,1007
729838605770891264,1595,338
729823566028484608,3633,1117
729463711119904772,5294,2080
729113531270991872,1733,287
728986383096946689,2874,733
728760639972315136,4263,1532
728751179681943552,2524,614
728653952833728512,3041,942
728409960103686147,4487,1816
728387165835677696,3410,874
728046963732717569,3912,1075
728035342121635841,4134,1500
728015554473250816,3771,986
727685679342333952,2710,570
727644517743104000,5355,1581
727524757080539137,4092,1076
727314416056803329,3054,671
727286334147182592,2813,743
727175381690781696,3578,1235
727155742655025152,3311,1194
726935089318363137,6261,2193
726887082820554753,3519,1361
726828223124897792,3291,910
726224900189511680,4066,1041
725842289046749185,6500,2404
725786712245440512,3824,1237
725729321944506368,4772,1600
725458796924002305,1297,553
724983749226668032,3424,1159
724771698126512129,2137,565
724405726123311104,4845,1505
724049859469295616,3962,1612
724046343203856385,2449,512
724004602748780546,3819,1386
723912936180330496,3570,1122
723688335806480385,7002,2634
723673163800948736,2779,812
723179728551723008,4839,1682
722974582966214656,3742,1426
722613351520608256,4555,1489
721503162398597120,4200,1635
721001180231503872,2329,549
720785406564900865,2847,697
720775346191278080,2245,562
720415127506415616,3775,1351
720389942216527872,5834,2251
720340705894408192,2611,872
720059472081784833,3539,1013
720043174954147842,4552,1811
719991154352222208,4460,1586
719704490224398336,4163,1289
719551379208073216,4632,1704
719367763014393856,2593,685
719339463458033665,4068,1113
719332531645071360,3173,851
718971898235854848,3188,979
718939241951195136,4785,1574
718631497683582976,17253,7181
718613305783398402,2247,425
718540630683709445,2240,919
718460005985447936,2494,473
718454725339934721,4491,1369
718246886998687744,1750,446
718234618122661888,3548,910
717841801130979328,2268,541
717790033953034240,2625,981
717537687239008257,5287,1652
717428917016076293,1472,403
717421804990701568,2877,752
717047459982213120,5773,1730
717009362452090881,2967,865
716802964044845056,3944,1044
716791146589110272,7714,1455
716730379797970944,1130,395
716447146686459905,11924,5274
716439118184652801,2183,189
716285507865542656,2542,962
716080869887381504,6214,1698
715928423106027520,2915,790
715758151270801409,3395,1278
715733265223708672,4256,1518
715704790270025728,2553,509
715696743237730304,3603,1158
715680795826982913,3943,1436
715360349751484417,5013,1405
715342466308784130,2782,619
715220193576927233,2204,582
715200624753819648,4731,1679
715009755312439296,3803,1101
714982300363173890,3412,929
714962719905021952,6713,3820
714957620017307648,3797,1273
714631576617938945,3004,891
714606013974974464,3328,823
714485234495041536,2440,1005
714258258790387713,2807,666
714251586676113411,3016,757
714214115368108032,2104,796
714141408463036416,3991,1273
713919462244790272,3027,719
713909862279876608,1739,482
713900603437621249,2603,655
713761197720473600,4434,1232
713411074226274305,4073,1178
713177543487135744,6616,2583
713175907180089344,4061,1324
712809025985978368,17461,6049
712717840512598017,11268,4490
712668654853337088,3810,1096
712438159032893441,4886,1407
712309440758808576,221,24
712097430750289920,3446,928
712092745624633345,2691,806
712085617388212225,2998,433
712065007010385924,2063,564
711998809858043904,0,120
711968124745228288,7386,2080
711743778164514816,2606,904
711732680602345472,8039,3673
711694788429553666,30125,16535
711652651650457602,3526,819
711363825979756544,3305,1013
711306686208872448,3039,674
711008018775851008,2732,555
710997087345876993,4192,1255
710844581445812225,2345,608
710833117892898816,2457,474
710658690886586372,2128,512
710609963652087808,4409,2148
710588934686908417,4162,1689
710296729921429505,2187,666
710283270106132480,1983,476
710272297844797440,4131,1136
710269109699739648,2189,1008
710153181850935296,2670,806
710140971284037632,2510,798
710117014656950272,5004,1776
709918798883774466,3218,990
709901256215666688,603,92
709852847387627521,3219,1082
709566166965075968,3243,1069
709556954897764353,3009,972
709519240576036864,1380,219
709449600415961088,2017,516
709409458133323776,2417,616
709225125749587968,2195,520
709207347839836162,11355,5157
709198395643068416,2259,587
709179584944730112,1847,605
709158332880297985,1870,362
709042156699303936,4309,1472
708853462201716736,1664,591
708845821941387268,2733,799
708834316713893888,1546,448
708810915978854401,15156,6226
708738143638450176,2527,733
708711088997666817,2324,637
708479650088034305,2337,616
708469915515297792,2837,727
708400866336894977,14592,9013
708356463048204288,3284,1191
708349470027751425,2182,674
708149363256774660,3972,1404
708130923141795840,3083,781
708119489313951744,2465,893
708109389455101952,1792,498
708026248782585858,4053,1742
707995814724026368,2852,1007
707983188426153984,45,2
707969809498152960,2480,864
707776935007539200,3002,868
707741517457260545,2284,550
707738799544082433,3718,2192
707693576495472641,3106,915
707629649552134146,2349,781
707610948723478529,15517,5684
707420581654872064,2061,628
707411934438625280,2110,542
707387676719185920,3199,1140
707377100785885184,3001,973
707315916783140866,2279,575
707297311098011648,2574,707
707059547140169728,2392,617
707038192327901184,2009,714
707021089608753152,3710,1219
707014260413456384,2101,537
706904523814649856,13366,7095
706901761596989440,1873,520
706681918348251136,3016,885
706644897839910912,2334,979
706593038911545345,1978,577
706538006853918722,3177,1283
706516534877929472,2865,927
706346369204748288,3158,838
706310011488698368,19429,7093
706291001778950144,1561,433
706265994973601792,2508,846
706169069255446529,3573,1997
706166467411222528,4704,1440
706153300320784384,1352,343
705975130514706432,2849,656
705970349788291072,2907,790
705898680587526145,2174,493
705786532653883392,1787,465
705591895322394625,2888,1017
705475953783398401,2723,820
705442520700944385,4043,1455
705428427625635840,3486,1513
705239209544720384,2755,674
705223444686888960,2359,710
705102439679201280,1952,472
705066031337840642,2002,554
704871453724954624,3943,1009
704859558691414016,2062,474
704847917308362754,4672,1357
704819833553219584,2431,893
704761120771465216,6103,2612
704499785726889984,2644,897
704491224099647488,690,70
704480331685040129,3128,975
704364645503647744,7292,3214
704347321748819968,1437,311
704134088924532736,1378,409
704113298707505153,1704,518
704054845121142784,2671,838
703774238772166656,1690,403
703769065844768768,2991,1014
703631701117943808,2354,596
703611486317502464,3522,1372
703425003149250560,3478,1215
703407252292673536,2248,623
703382836347330562,3200,1023
703356393781329922,1753,343
703268521220972544,1815,494
703079050210877440,6778,2789
703041949650034688,24226,11254
702932127499816960,2356,647
702899151802126337,1477,409
702684942141153280,2960,962
702671118226825216,2007,504
702598099714314240,11278,3114
702539513671897089,2630,862
702332542343577600,2921,1380
702321140488925184,3010,947
702276748847800320,2271,693
702217446468493312,4370,1217
701981390485725185,3146,885
701952816642965504,3526,924
701889187134500865,3230,1250
701805642395348998,3102,1502
701601587219795968,1915,416
701570477911896070,2563,838
701545186879471618,2444,548
701214700881756160,11216,4610
700890391244103680,2030,507
700864154249383937,2385,554
700847567345688576,2259,449
700796979434098688,2242,854
700747788515020802,20915,8391
700518061187723268,2382,719
700505138482569216,2090,520
700462010979500032,3769,1621
700167517596164096,2415,651
700151421916807169,2043,603
700143752053182464,6881,2421
700062718104104960,2436,607
700029284593901568,1902,526
700002074055016451,3008,1196
699801817392291840,2759,844
699788877217865730,2046,467
699779630832685056,2487,1103
699775878809702401,1795,535
699691744225525762,9396,4135
699446877801091073,5470,2381
699434518667751424,2013,463
699423671849451520,1243,287
699413908797464576,1917,568
699370870310113280,1740,388
699323444782047232,2879,783
699088579889332224,2068,556
699079609774645248,2242,568
699072405256409088,2697,1072
699060279947165696,3412,1610
699036661657767936,2391,1086
698989035503689728,3057,873
698953797952008193,2468,822
698907974262222848,2328,550
698710712454139905,2256,615
698703483621523456,1310,333
698635131305795584,1190,309
698549713696649216,2147,558
698355670425473025,1694,394
698342080612007937,2065,867
698262614669991936,4372,1786
698195409219559425,15441,5425
698178924120031232,2577,672
697995514407682048,1402,303
697990423684476929,3003,1167
697943111201378304,2182,605
697881462549430272,2770,1050
697630435728322560,1592,495
697616773278015490,2882,917
697596423848730625,2757,1129
697575480820686848,1875,451
697516214579523584,1862,985
697482927769255936,2225,597
697463031882764288,3150,1263
697270446429966336,4337,1706
697259378236399616,3025,896
697255105972801536,2830,1052
697242256848379904,2319,615
696900204696625153,2902,932
696894894812565505,2154,614
696886256886657024,4423,1620
696877980375769088,2250,636
696754882863349760,1365,327
696744641916489729,1885,829
696713835009417216,2167,583
696518437233913856,3616,1560
696490539101908992,1127,126
696488710901260288,2297,925
696405997980676096,2915,1047
696100768806522880,1767,582
695816827381944320,2746,1049
695794761660297217,2907,704
695767669421768709,1702,663
695629776980148225,4172,1884
695446424020918272,4076,1643
695409464418041856,7950,3223
695314793360662529,3315,1293
695095422348574720,2445,545
695074328191332352,2599,985
695064344191721472,1469,527
695051054296211456,2424,715
694925794720792577,2483,814
694905863685980160,2522,830
694669722378485760,32858,13003
694356675654983680,1382,250
694352839993344000,1868,537
694342028726001664,1454,430
694329668942569472,1811,449
694206574471057408,3800,1842
694183373896572928,2697,839
694001791655137281,3125,921
693993230313091072,1723,356
693942351086120961,1614,327
693647888581312512,2466,516
693644216740769793,1264,115
693642232151285760,2338,376
693629975228977152,2255,719
693622659251335168,1414,336
693590843962331137,4636,1773
693582294167244802,1514,222
693486665285931008,1623,561
693280720173801472,3075,1116
693267061318012928,2194,730
693262851218264065,2035,450
693231807727280129,2645,666
693155686491000832,7230,2882
693109034023534592,1556,548
693095443459342336,1692,401
692919143163629568,2492,692
692905862751522816,2232,785
692901601640583168,1610,533
692894228850999298,2074,714
692828166163931137,2644,793
692752401762250755,6249,3288
692568918515392513,4012,1388
692535307825213440,2888,1227
692530551048294401,1689,366
692423280028966913,1366,195
692417313023332352,8618,3120
692187005137076224,2326,741
692158366030913536,1959,717
692142790915014657,1502,352
692041934689402880,3108,1127
692017291282812928,2663,866
691820333922455552,3625,1482
691793053716221953,7448,3808
691756958957883396,2587,881
691675652215414786,1788,458
691483041324204033,2183,499
691459709405118465,3709,1012
691444869282295808,2426,747
691416866452082688,17749,6870
691321916024623104,2365,595
691096613310316544,2748,792
691090071332753408,1596,305
690989312272396288,5420,2600
690959652130045952,3300,1109
690938899477221376,3755,1736
690932576555528194,3013,898
690735892932222976,3474,1143
690728923253055490,1991,464
690690673629138944,2136,743
690649993829576704,1195,245
690607260360429569,279,14
690597161306841088,1777,544
690400367696297985,1737,406
690374419777196032,2958,757
690360449368465409,2438,786
690348396616552449,1364,460
690248561355657216,1534,369
690021994562220032,2570,914
690015576308211712,2291,656
690005060500217858,3361,1532
689999384604450816,1302,328
689993469801164801,1347,403
689977555533848577,1261,406
689905486972461056,2253,618
689877686181715968,2790,1037
689835978131935233,2008,687
689661964914655233,2985,849
689659372465688576,9484,3451
689623661272240129,2029,576
689599056876867584,10700,4996
689557536375177216,1891,401
689517482558820352,3115,1291
689289219123089408,2065,843
689283819090870273,3002,996
689280876073582592,1818,637
689275259254616065,1049,223
689255633275777024,2336,966
689154315265683456,2845,894
689143371370250240,1856,454
688916208532455424,2485,770
688908934925697024,1933,705
688898160958271489,1914,708
688894073864884227,2055,617
688828561667567616,1269,320
688804835492233216,884,167
688789766343622656,2042,602
688547210804498433,2384,624
688519176466644993,2140,655
688385280030670848,8477,4063
688211956440801280,2066,748
688179443353796608,1970,525
688116655151435777,2603,695
688064179421470721,1589,320
687841446767013888,4994,2233
687826841265172480,2506,1003
687818504314159109,2275,860
687807801670897665,2191,654
687732144991551489,1611,591
687704180304273409,2232,763
687664829264453632,1788,468
687494652870668288,1749,525
687480748861947905,1468,221
687476254459715584,1820,478
687460506001633280,1896,490
687399393394311168,1734,550
687317306314240000,18564,8297
687312378585812992,3992,1723
687127927494963200,4953,2038
687124485711986689,2015,459
687109925361856513,5343,2221
687102708889812993,2160,868
687096057537363968,2071,549
686947101016735744,7941,2892
686760001961103360,3226,1252
686749460672679938,3191,1309
686730991906516992,3781,1086
686683045143953408,2601,727
686618349602762752,3398,1232
686606069955735556,1742,489
686394059078897668,1582,629
686386521809772549,2994,789
686377065986265092,2035,513
686358356425093120,1989,593
686286779679375361,3701,1516
686050296934563840,2064,663
686035780142297088,1059,103
686034024800862208,2829,1030
686007916130873345,2270,361
686003207160610816,1671,560
685973236358713344,1931,475
685943807276412928,1493,531
685906723014619143,6864,2578
685681090388975616,1878,110
685667379192414208,2181,506
685663452032069632,2954,1326
685641971164143616,2682,693
685547936038666240,30187,14027
685532292383666176,2798,1042
685325112850124800,8641,3561
685321586178670592,2432,576
685315239903100929,3020,940
685307451701334016,1915,393
685268753634967552,2821,1067
685198997565345792,2127,588
685169283572338688,3758,1269
684969860808454144,2216,326
684959798585110529,6264,2798
684940049151070208,2953,940
684926975086034944,3201,417
684914660081053696,3206,1314
684902183876321280,1711,462
684880619965411328,1920,722
684830982659280897,32153,19559
684800227459624960,2505,898
684594889858887680,8140,3158
684588130326986752,3794,1272
684567543613382656,2743,1095
684538444857667585,2425,850
684481074559381504,3550,1068
684460069371654144,1806,501
684241637099323392,7445,2928
684225744407494656,1136,183
684222868335505415,3496,1231
684200372118904832,1968,941
684195085588783105,1749,452
684188786104872960,3201,1042
684177701129875456,1858,590
684147889187209216,2722,1357
684122891630342144,1852,425
684097758874210310,3765,1291
683857920510050305,3497,1015
683852578183077888,1783,315
683849932751646720,2395,849
683834909291606017,2397,1015
683828599284170753,2571,966
683773439333797890,3056,1215
683742671509258241,5942,2985
683515932363329536,6762,2594
683498322573824003,2916,872
683481228088049664,2432,900
683462770029932544,2233,619
683449695444799489,3561,1452
683391852557561860,7009,2166
683357973142474752,2656,819
683142553609318400,2637,930
683111407806746624,3115,813
683098815881154561,1987,587
683078886620553216,1846,516
683030066213818368,1988,665
682962037429899265,33562,14774
682808988178739200,1621,153
682788441537560576,2273,1013
682750546109968385,1391,397
682697186228989953,1204,332
682662431982772225,2799,979
682638830361513985,1897,533
682429480204398592,3160,1038
682406705142087680,6930,1580
682393905736888321,2056,592
682389078323662849,1529,422
682303737705140231,2808,879
682259524040966145,3786,1071
682242692827447297,2953,1033
682088079302213632,16676,8817
682059653698686977,4518,1520
682047327939461121,2943,843
682032003584274432,6014,1781
682003177596559360,2835,1359
681981167097122816,2581,911
681891461017812993,2261,742
681694085539872773,11761,3670
681679526984871937,1629,398
681654059175129088,2406,816
681610798867845120,1724,415
681579835668455424,3232,1169
681523177663676416,13077,5170
681340665377193984,1512,245
681339448655802368,8518,3679
681320187870711809,2397,670
681302363064414209,3578,1615
681297372102656000,2943,847
681281657291280384,2950,989
681261549936340994,1329,235
681242418453299201,1356,467
681231109724700672,2224,432
681193455364796417,3390,1324
680970795137544192,2195,579
680959110691590145,4188,1808
680940246314430465,2902,932
680934982542561280,1900,391
680913438424612864,2194,562
680889648562991104,1598,321
680836378243002368,3167,1178
680805554198020098,1960,606
680801747103793152,2175,738
680798457301471234,2591,934
680609293079592961,2397,621
680583894916304897,3285,1182
680497766108381184,3859,1722
680494726643068929,1564,435
680473011644985345,2332,661
680440374763077632,1316,436
680221482581123072,1349,259
680206703334408192,2571,1033
680191257256136705,1966,438
680176173301628928,3531,1385
680161097740095489,2122,665
680145970311643136,3290,1546
680130881361686529,2099,849
680115823365742593,2483,819
680100725817409536,3283,1236
680085611152338944,11666,8087
680070545539371008,2374,770
679877062409191424,1776,574
679872969355714560,2000,594
679862121895714818,2235,551
679854723806179328,2595,1093
679844490799091713,2173,680
679828447187857408,32892,12486
679777920601223168,2844,987
679736210798047232,1902,712
679729593985699840,1983,743
679722016581222400,1530,424
679530280114372609,4342,1868
679527802031484928,2405,644
679511351870550016,3047,1137
679503373272485890,2890,1325
679475951516934144,1905,573
679462823135686656,29219,16883
679405845277462528,2143,1066
679158373988876288,19296,7187
679148763231985668,2539,916
679132435750195208,2684,1031
679111216690831360,5396,2295
679062614270468097,15398,7153
679047485189439488,2048,583
679001094530465792,2581,1085
678991772295516161,2053,1011
678969228704284672,1496,407
678800283649069056,2345,813
678798276842360832,3145,1019
678774928607469569,2559,814
678767140346941444,3205,1217
678764513869611008,1473,412
678755239630127104,6442,2913
678740035362037760,3371,1477
678708137298427904,5095,2170
678675843183484930,2586,1307
678643457146150913,1867,359
678446151570427904,3638,1362
678424312106393600,4970,2255
678410210315247616,3804,1600
678399652199309312,72987,28385
678396796259975168,1439,372
678389028614488064,1705,379
678380236862578688,2217,818
678341075375947776,1562,470
678334497360859136,1175,222
678278586130948096,10361,5459
678255464182861824,1443,326
678023323247357953,1735,340
678021115718029313,12288,5579
677961670166224897,3112,1516
677918531514703872,1212,362
677895101218201600,4364,1829
677700003327029250,3094,1279
677698403548192770,1112,285
677687604918272002,2242,748
677673981332312066,3017,1337
677662372920729601,1767,838
677644091929329666,1704,724
677573743309385728,1926,594
677565715327688705,1185,409
677557565589463040,2206,1008
677547928504967168,6277,3277
677530072887205888,963,203
677335745548390400,2742,1542
677334615166730240,1218,249
677331501395156992,983,207
677328882937298944,3314,1332
677314812125323265,1492,468
677301033169788928,1107,354
677269281705472000,1786,631
677228873407442944,3189,1452
677187300187611136,2478,804
676975532580409345,2513,946
676957860086095872,2014,718
676949632774234114,1175,347
676948236477857792,1945,770
676946864479084545,1569,325
676942428000112642,1864,664
676936541936185344,11543,4404
676916996760600576,2679,1607
676897532954456065,2042,646
676864501615042560,1879,621
676821958043033607,20579,13687
676819651066732545,1650,598
676811746707918848,1300,377
676776431406465024,4490,1792
676617503762681856,2607,851
676613908052996102,980,174
676606785097199616,1716,385
676603393314578432,1032,337
676593408224403456,4109,1878
676590572941893632,834,109
676588346097852417,2069,693
676582956622721024,1068,251
676575501977128964,2318,980
676533798876651520,1690,487
676496375194980353,1367,466
676470639084101634,10510,4148
676440007570247681,1555,585
676430933382295552,1258,302
676263575653122048,1884,483
676237365392908289,1087,248
676219687039057920,70432,27566
676215927814406144,1563,516
676191832485810177,2047,914
676146341966438401,1745,583
676121918416756736,1949,1020
676101918813499392,2569,1045
676098748976615425,2662,1241
676089483918516224,1175,388
675898130735476737,1439,505
675891555769696257,1913,759
675888385639251968,2104,834
675878199931371520,3772,1232
675870721063669760,1463,495
675853064436391936,2413,1128
675849018447167488,861,123
675845657354215424,2037,773
675822767435051008,1382,474
675820929667219457,955,205
675798442703122432,9276,3034
675781562965868544,1452,417
675740360753160193,1054,294
675710890956750848,1681,715
675707330206547968,1781,594
675706639471788032,580,84
675534494439489536,1656,360
675531475945709568,1061,329
675522403582218240,937,249
675517828909424640,1141,406
675501075957489664,15466,5193
675497103322386432,2809,1126
675489971617296384,1145,526
675483430902214656,1652,849
675432746517426176,1358,499
675372240448454658,1520,450
675362609739206656,940,192
675354435921575936,29298,14809
675349384339542016,3508,1990
675334060156301312,2472,1124
675166823650848770,3157,1375
675153376133427200,5565,2248
675149409102012420,3337,1492
675147105808306176,842,196
675146535592706048,1050,254
675145476954566656,1905,777
675135153782571009,1159,409
675113801096802304,1728,684
675111688094527488,868,212
675109292475830276,2506,993
675047298674663426,926,273
675015141583413248,2401,1029
675006312288268288,876,200
675003128568291329,1386,405
674999807681908736,1988,950
674805413498527744,755,314
674800520222154752,2678,742
674793399141146624,2214,950
674790488185167872,980,216
674788554665512960,718,181
674781762103414784,1794,1038
674774481756377088,980,405
674767892831932416,1618,688
674764817387900928,698,200
674754018082705410,1226,382
674752233200820224,1305,398
674743008475090944,1258,461
674742531037511680,430,44
674739953134403584,962,326
674737130913071104,578,80
674690135443775488,1021,409
674670581682434048,1443,563
674664755118911488,809,203
674646392044941312,1272,427
674644256330530816,919,239
674638615994089473,1508,509
674632714662858753,1335,497
674606911342424069,835,86
674468880899788800,5529,1768
674447403907457024,950,314
674436901579923456,987,343
674422304705744896,1279,463
674416750885273600,610,114
674410619106390016,1064,398
674394782723014656,1331,487
674372068062928900,767,279
674330906434379776,501,64
674318007229923329,1248,447
674307341513269249,10074,5998
674291837063053312,13107,5113
674271431610523648,1389,640
674269164442398721,820,201
674265582246694913,1455,724
674262580978937856,1172,380
674255168825880576,1293,463
674082852460433408,677,144
674075285688614912,885,245
674063288070742018,5693,1901
674053186244734976,2933,1121
674051556661161984,1285,428
674045139690631169,1263,562
674042553264685056,631,109
674038233588723717,973,365
674036086168010753,756,180
674024893172875264,1578,1079
674019345211760640,1008,264
674014384960745472,1382,557
674008982932058114,1078,298
673956914389192708,1739,831
673919437611909120,1053,325
673906403526995968,2832,1426
673887867907739649,832,220
673716320723169284,2772,667
673715861853720576,3145,1800
673711475735838725,934,263
673709992831262724,744,234
673708611235921920,947,252
673707060090052608,983,344
673705679337693185,1122,357
673700254269775872,1278,497
673697980713705472,3488,1683
673689733134946305,1528,566
673688752737402881,1123,436
673686845050527744,1270,373
673680198160809984,1224,414
673662677122719744,1120,326
673656262056419329,649,198
673636718965334016,991,307
673612854080196609,1418,629
673583129559498752,1059,312
673580926094458881,731,237
673576835670777856,1223,485
673363615379013632,925,266
673359818736984064,1284,590
673355879178194945,1331,489
673352124999274496,1488,471
673350198937153538,679,183
673345638550134785,2217,1096
673343217010679808,852,234
673342308415348736,1121,490
673320132811366400,11889,6831
673317986296586240,775,215
673295268553605120,6686,2731
673270968295534593,947,311
673240798075449344,1269,611
673213039743795200,1958,723
673148804208660480,1482,547
672997845381865473,1742,629
672995267319328768,838,250
672988786805112832,871,253
672984142909456390,1108,468
672980819271634944,1619,882
672975131468300288,1488,773
672970152493887488,833,301
672968025906282496,1174,465
672964561327235073,1255,553
672902681409806336,1227,422
672898206762672129,787,360
672884426393653248,1359,720
672877615439593473,904,297
672834301050937345,1149,500
672828477930868736,1107,415
672640509974827008,871,270
672622327801233409,1144,418
672614745925664768,1081,509
672609152938721280,961,335
672604026190569472,962,334
672594978741354496,1170,526
672591762242805761,834,281
672591271085670400,637,156
672538107540070400,893,315
672523490734551040,551,146
672488522314567680,989,371
672482722825261057,987,517
672481316919734272,635,110
672475084225949696,1288,604
672466075045466113,1187,445
672272411274932228,5682,2914
672267570918129665,1309,529
672264251789176834,1006,283
672256522047614977,2498,1319
672254177670729728,1270,644
672248013293752320,1526,518
672245253877968896,605,129
672239279297454080,802,275
672231046314901505,1611,876
672222792075620352,698,175
672205392827572224,1977,1000
672169685991993344,910,317
672160042234327040,766,303
672139350159835138,1532,590
672125275208069120,2108,983
672095186491711488,872,327
672082170312290304,837,318
672068090318987265,1128,439
671896809300709376,7567,3658
671891728106971137,1170,478
671882082306625538,3085,1198
671879137494245376,1242,569
671874878652489728,1103,476
671866342182637568,991,413
671855973984772097,789,369
671789708968640512,6289,2984
671768281401958400,1041,429
671763349865160704,1485,766
671744970634719232,1197,655
671743150407421952,672,200
671735591348891648,1280,648
671729906628341761,7452,3771
671561002136281088,11326,6278
671550332464455680,808,183
671547767500775424,1200,495
671544874165002241,1720,889
671542985629241344,966,481
671538301157904385,837,333
671536543010570240,1034,342
671533943490011136,896,493
671528761649688577,733,214
671520732782923777,1213,450
671518598289059840,826,249
671511350426865664,1418,603
671504605491109889,6203,3106
671497587707535361,823,383
671488513339211776,882,411
671486386088865792,508,171
671485057807351808,675,195
671390180817915904,1277,648
671362598324076544,973,257
671357843010908160,351,133
671355857343524864,419,104
671347597085433856,831,368
671186162933985280,637,176
671182547775299584,976,281
671166507850801152,775,301
671163268581498880,1452,962
671159727754231808,314,67
671154572044468225,623,185
671151324042559489,588,126
671147085991960577,582,191
671141549288370177,1016,569
671138694582165504,817,340
671134062904504320,653,162
671122204919246848,3067,2173
671115716440031232,1208,668
671109016219725825,1000,377
670995969505435648,964,241
670842764863651840,21958,7538
670840546554966016,521,165
670838202509447168,978,596
670833812859932673,379,109
670832455012716544,642,183
670826280409919488,4839,3482
670823764196741120,671,159
670822709593571328,543,82
670815497391357952,2765,1308
670811965569282048,980,229
670807719151067136,1048,424
670804601705242624,1727,813
670803562457407488,300,77
670797304698376195,656,202
670792680469889025,731,236
670789397210615808,581,210
670786190031921152,526,168
670783437142401025,718,329
670782429121134593,1341,650
670780561024270336,699,248
670778058496974848,297,62
670764103623966721,951,370
670755717859713024,391,87
670733412878163972,845,446
670727704916926465,733,312
670717338665226240,1049,415
670704688707301377,684,317
670691627984359425,514,207
670679630144274432,659,240
670676092097810432,214,35
670668383499735048,9394,4288
670474236058800128,1326,628
670468609693655041,314,77
670465786746662913,851,465
670452855871037440,489,174
670449342516494336,1071,565
670444955656130560,6027,1733
670442337873600512,578,175
670435821946826752,935,433
670434127938719744,1253,559
670433248821026816,295,100
670428280563085312,1220,519
670427002554466305,460,141
670421925039075328,1133,549
670420569653809152,537,265
670417414769758208,497,280
670411370698022913,1784,764
670408998013820928,483,186
670403879788544000,374,128
670385711116361728,488,172
670374371102445568,668,236
670361874861563904,288,55
670338931251150849,371,96
670319130621435904,3453,1063
670303360680108032,382,107
670290420111441920,621,249
670093938074779648,905,275
670086499208155136,618,217
670079681849372674,1948,1053
670073503555706880,1379,676
670069087419133954,547,205
670061506722140161,663,287
670055038660800512,590,279
670046952931721218,574,150
670040295598354432,653,96
670037189829525505,526,240
670003130994700288,294,77
669993076832759809,281,70
669972011175813120,392,132
669970042633789440,270,43
669942763794931712,443,131
669926384437997569,336,81
669923323644657664,201,50
669753178989142016,702,338
669749430875258880,226,55
669684865554620416,445,74
669683899023405056,337,93
669682095984410625,309,115
669680153564442624,579,241
669661792646373376,708,363
669625907762618368,3098,1557
669603084620980224,839,316
669597912108789760,447,131
669583744538451968,1312,795
669573570759163904,387,119
669571471778410496,1398,876
669567591774625800,201,45
669564461267722241,335,104
669393256313184256,312,62
669375718304980992,1166,624
669371483794317312,433,147
669367896104181761,404,128
669363888236994561,556,199
669359674819481600,329,103
669354382627049472,2367,1081
669353438988365824,563,224
669351434509529089,375,153
669328503091937280,902,363
669327207240699904,494,101
669324657376567296,438,181
669216679721873412,1051,346
669214165781868544,383,135
669203728096960512,882,405
669037058363662336,570,262
669015743032369152,646,321
669006782128353280,510,209
669000397445533696,18594,5489
668994913074286592,389,186
668992363537309700,657,292
668989615043424256,592,288
668988183816871936,795,389
668986018524233728,477,139
668981893510119424,478,257
668979806671884288,700,289
668975677807423489,1147,495
668967877119254528,127,18
668960084974809088,616,208
668955713004314625,239,63
668932921458302977,227,50
668902994700836864,276,87
668892474547511297,353,125
668872652652679168,474,264
668852170888998912,408,139
668826086256599040,380,112
668815180734689280,487,223
668779399630725120,626,322
668655139528511488,468,186
668645506898350081,769,455
668643542311546881,778,442
668641109086707712,942,464
668636665813057536,911,434
668633411083464705,2448,1372
668631377374486528,616,278
668627278264475648,280,96
668625577880875008,325,111
668623201287675904,1236,649
668620235289837568,180,35
668614819948453888,541,270
668587383441514497,1465,918
668567822092664832,203,46
668544745690562560,451,196
668542336805281792,401,179
668537837512433665,225,61
668528771708952576,399,188
668507509523615744,275,87
668496999348633600,355,114
668484198282485761,369,206
668480044826800133,392,126
668466899341221888,764,438
668297328638447616,551,254
668291999406125056,213,28
668286279830867968,432,116
668274247790391296,715,194
668268907921326080,480,205
668256321989451776,1142,514
668248472370458624,836,406
668237644992782336,5411,2403
668226093875376128,244,85
668221241640230912,449,168
668204964695683073,484,170
668190681446379520,571,171
668171859951755264,423,161
668154635664932864,434,271
668142349051129856,506,236
668113020489474048,575,206
667937095915278337,1102,685
667924896115245057,263,95
667915453470232577,184,46
667911425562669056,428,244
667902449697558528,751,331
667886921285246976,1638,905
667885044254572545,725,395
667878741721415682,346,100
667873844930215936,547,338
667866724293877760,2702,893
667861340749471744,221,69
667832474953625600,253,54
667806454573760512,923,414
667801013445750784,279,80
667793409583771648,602,285
667782464991965184,362,210
667773195014021121,203,44
667766675769573376,370,185
667728196545200128,323,125
667724302356258817,421,264
667550904950915073,0,28
667550882905632768,0,25
667549055577362432,5074,1935
667546741521195010,303,106
667544320556335104,754,454
667538891197542400,174,57
667534815156183040,711,442
667530908589760512,410,205
667524857454854144,1492,960
667517642048163840,330,164
667509364010450944,6020,1855
667502640335572993,481,192
667495797102141441,456,231
667491009379606528,456,187
667470559035432960,225,85
667455448082227200,170,53
667453023279554560,279,72
667443425659232256,681,482
667437278097252352,395,197
667435689202614272,266,76
667405339315146752,407,192
667393430834667520,167,50
667369227918143488,328,142
667211855547486208,426,209
667200525029539841,539,225
667192066997374976,329,86
667188689915760640,639,328
667182792070062081,12452,5233
667177989038297088,162,48
667176164155375616,522,383
667174963120574464,217,69
667171260800061440,185,71
667165590075940865,2368,960
667160273090932737,217,50
667152164079423490,42005,14530
667138269671505920,3979,1854
667119796878725120,283,105
667090893657276420,286,104
667073648344346624,349,103
667070482143944705,72,12
667065535570550784,143,40
667062181243039745,191,45
667044094246576128,161,43
667012601033924608,391,185
666996132027977728,212,78
666983947667116034,2239,840
666837028449972224,697,466
666835007768551424,183,64
666826780179869698,218,78
666817836334096384,440,209
666804364988780544,204,78
666786068205871104,651,408
666781792255496192,322,168
666776908487630848,302,148
666739327293083650,205,59
666701168228331520,371,181
666691418707132416,159,41
666649482315059201,988,522
666644823164719104,207,68
666454714377183233,445,178
666447344410484738,90,19
666437273139982337,106,40
666435652385423360,136,41
666430724426358785,274,159
666428276349472768,139,67
666421158376562688,272,90
666418789513326592,105,39
666411507551481857,370,261
666407126856765440,93,30
666396247373291520,146,68
666373753744588802,162,73
666362758909284353,645,463
666353288456101888,177,56
666345417576210432,241,121
666337882303524864,167,79
666293911632134144,425,288
666287406224695296,122,55
666273097616637952,150,66
666268910803644416,97,38
666104133288665088,12807,5446
666102155909144576,66,11
666099513787052032,134,53
666094000022159362,141,63
666082916733198337,92,37
666073100786774016,273,129
666071193221509120,127,50
666063827256086533,393,180
666058600524156928,99,47
666057090499244032,247,111
666055525042405380,363,196
666051853826850816,1021,696
666050758794694657,115,50
666049248165822465,88,36
666044226329800704,245,114
666033412701032449,100,36
666029285002620928,112,39
666020888022790149,2275,418
